768781 630603
34763 309498
275811 857460
260580 677404
149848 535277
222950 199855
752948 504906
554871 705652
48183 692
476561 763490
744819 517689
586606 897686
909658 501260
105942 944245
833100 752658
506342 95101
36683 400543
462934 270455
198323 854689
614604 432300
6478 309163
705212 461498
452508 104988
753351 26794
682761 370332
163985 242690
757849 247278
668776 80714
310497 290649
792628 579597
566848 728982
896838 342432
933164 55807
723415 748953
625640 362976
261293 712752
488945 955381
698948 891667
286411 591069
250477 590736
632727 916639
154801 454034
576731 106330
127657 618505
138843 922854
557509 326684
345679 424322
145762 15573
679049 22280
703261 926802
33924 28355
346454 851241
423279 195555
990270 596110
412839 276590
627315 1437
944493 268838
489203 14933
299905 758431
532391 309278
344013 17902
483052 928396
159038 630378
26250 742287
921965 80446
623510 32429
85446 295923
790225 670299
785066 823080
609523 325007
601286 364731
175753 11581
883042 698609
51434 90692
706207 251106
209000 886730
178618 861118
663403 448078
841512 971203
541819 549616
216647 564092
497207 820581
707451 466935
787550 830423
16492 688777
918655 643758
434888 109660
505725 890148
813255 859167
907130 990931
327614 707446
280818 799352
306819 585120
527449 681648
691664 558673
744905 426802
131065 290109
140965 160165
380427 657127
802225 770832
